10 0
110 0
210 0.0005021
310 0.0010036
410 0.0015029
510 0.0025065
610 0.0035098
710 0.0050127
810 0.0060201
910 0.0080213
1010 0.0095251
1110 0.01103
1210 0.0135028
1310 0.0165439
1410 0.0195849
1510 0.022059
1610 0.0245643
1710 0.028575
1810 0.0300488
1910 0.0351258
2010 0.0396049
2110 0.0425814
2210 0.0516475
2310 0.0536326
2410 0.0551471
2510 0.0596892
2610 0.0651425
2710 0.0712209
2810 0.0752001
2910 0.0897083
3010 0.0942499
3110 0.0902413
3210 0.0997969
3310 0.10224
3410 0.113803
3510 0.121832
3610 0.125859
3710 0.127842
3810 0.149899
3910 0.143881
