10000 0.08358
20000 0.264253
30000 0.493473
40000 0.777262
50000 1.07103
60000 1.4479
70000 1.87079
80000 2.20114
90000 2.63447
100000 3.24667
110000 3.70369
120000 4.09803
130000 4.69203
140000 5.43179
150000 6.22178
160000 6.81652
170000 7.58674
180000 8.58439
190000 9.21714
200000 10.4691
210000 11.3642
220000 12.8066
230000 13.4229
240000 15.1942
250000 16.0161
260000 17.8136
270000 19.0898
280000 20.4104
290000 22.1567
300000 22.9609
310000 25.2578
320000 26.7022
330000 28.5027
340000 32.1157
350000 35.0723
360000 35.5993
370000 37.3899
380000 41.5058
