10000 0.0155139
20000 0.0425354
30000 0.0715635
40000 0.138149
50000 0.155151
60000 0.20621
70000 0.262251
80000 0.325343
90000 0.375405
100000 0.435919
110000 0.463429
120000 0.511499
130000 0.571604
140000 0.695676
150000 0.74126
160000 0.9134
170000 0.854841
180000 1.06305
190000 1.03449
200000 1.38341
210000 1.34898
220000 1.35645
230000 1.47006
240000 1.63827
250000 2.28282
260000 2.09723
270000 2.40042
280000 2.32146
290000 2.57325
300000 2.63166
310000 3.1446
320000 3.02512
330000 3.14533
340000 3.53465
350000 3.81932
360000 4.57806
370000 4.22457
380000 4.2644
