1000 0.000501
2000 0.0010005
3000 0.0015024
4000 0.0020017
5000 0.0025022
6000 0.0035026
7000 0.0045048
8000 0.0050043
9000 0.0045058
10000 0.006506
11000 0.0060308
12000 0.0060055
13000 0.0080082
14000 0.0090087
15000 0.0100109
16000 0.0125141
17000 0.0130104
18000 0.0140137
19000 0.0160138
20000 0.018518
21000 0.0175168
22000 0.0240228
23000 0.0220221
24000 0.0250243
25000 0.0260249
26000 0.0190185
27000 0.0235234
28000 0.0240228
29000 0.025524
30000 0.0260339
31000 0.0275336
32000 0.0280256
33000 0.0270408
34000 0.0290104
35000 0.0260413
36000 0.0315231
37000 0.0355569
38000 0.0356905
39000 0.0350377
40000 0.0385782
41000 0.0385996
42000 0.0385419
43000 0.039532
44000 0.0405322
45000 0.0420756
46000 0.0440461
47000 0.0445801
48000 0.0425303
49000 0.0470451
50000 0.0475945
51000 0.0495495
52000 0.0490555
53000 0.0515492
54000 0.0520599
55000 0.0530456
56000 0.0546002
57000 0.054559
58000 0.0550428
59000 0.0575536
60000 0.059058
61000 0.0605573
62000 0.0590597
63000 0.0565796
64000 0.0630607
65000 0.0650504
66000 0.0655603
67000 0.0660487
68000 0.0665549
69000 0.0690657
70000 0.0655626
71000 0.0685939
72000 0.0670789
73000 0.0585561
74000 0.0595564
75000 0.0605581
76000 0.0620596
77000 0.0646103
78000 0.0650637
79000 0.0650624
80000 0.0665652
81000 0.0690678
82000 0.0891087
83000 0.0826031
84000 0.0790743
85000 0.084082
86000 0.0821266
87000 0.0816049
88000 0.0900954
89000 0.0895765
90000 0.0829484
91000 0.0906561
92000 0.0916211
93000 0.089589
94000 0.0925778
95000 0.0825851
96000 0.0795771
97000 0.0805766
98000 0.0825815
99000 0.0785625
100000 0.100096
101000 0.0950902
102000 0.0930949
103000 0.102167
104000 0.101598
105000 0.117111
106000 0.108619
107000 0.109592
108000 0.108657
109000 0.115626
110000 0.122635
111000 0.116989
112000 0.118645
113000 0.11761
114000 0.123609
115000 0.120615
116000 0.124119
117000 0.124118
118000 0.127622
119000 0.115612
120000 0.126117
121000 0.117113
122000 0.134628
123000 0.133629
124000 0.136131
125000 0.130125
126000 0.137131
127000 0.142137
128000 0.135128
129000 0.142137
130000 0.143638
131000 0.142136
132000 0.132625
133000 0.13463
134000 0.150645
135000 0.132127
136000 0.138634
137000 0.142717
138000 0.142637
139000 0.135129
140000 0.13214
141000 0.141623
142000 0.144638
143000 0.149657
144000 0.153647
145000 0.15514
146000 0.132129
147000 0.129657
148000 0.12763
149000 0.141134
150000 0.170675
151000 0.161643
152000 0.173666
153000 0.160645
154000 0.153146
155000 0.172181
156000 0.163656
157000 0.161166
158000 0.150136
159000 0.139633
160000 0.137632
161000 0.139678
162000 0.157165
163000 0.183675
164000 0.170205
165000 0.179158
166000 0.182175
167000 0.170171
168000 0.179673
169000 0.18567
170000 0.18867
171000 0.192715
172000 0.184677
173000 0.193684
174000 0.184178
175000 0.158652
176000 0.162177
177000 0.163196
178000 0.187736
179000 0.174173
180000 0.192184
181000 0.187701
182000 0.198691
183000 0.194677
184000 0.207701
185000 0.186193
186000 0.19518
187000 0.170664
188000 0.176669
189000 0.201226
190000 0.210203
191000 0.2082
192000 0.224215
193000 0.218709
194000 0.210706
195000 0.1877
196000 0.178733
197000 0.186681
198000 0.17819
199000 0.191183
200000 0.181684
201000 0.172151
202000 0.198722
203000 0.183178
204000 0.200193
205000 0.17867
206000 0.185677
207000 0.187698
208000 0.184675
209000 0.190684
210000 0.22474
211000 0.239229
212000 0.219211
213000 0.22021
214000 0.245236
215000 0.202695
216000 0.234226
217000 0.243734
218000 0.241266
219000 0.251242
220000 0.243233
221000 0.247237
222000 0.252743
223000 0.233723
224000 0.228218
225000 0.256246
226000 0.243349
227000 0.246735
228000 0.29078
229000 0.272269
230000 0.293785
231000 0.301806
232000 0.283772
233000 0.312801
234000 0.240258
235000 0.271261
236000 0.262751
237000 0.280786
238000 0.29129
239000 0.286265
240000 0.230223
241000 0.269256
242000 0.272762
243000 0.267248
244000 0.262752
245000 0.264499
246000 0.277765
247000 0.283284
248000 0.267257
249000 0.262265
250000 0.276256
251000 0.282816
252000 0.292293
253000 0.259263
254000 0.282284
255000 0.276265
256000 0.281282
257000 0.28276
258000 0.288292
259000 0.292829
260000 0.279794
261000 0.286855
262000 0.287787
263000 0.288809
264000 0.289278
265000 0.285274
266000 0.313814
267000 0.305796
268000 0.257746
269000 0.250254
270000 0.286767
271000 0.300789
272000 0.30433
273000 0.293273
274000 0.304849
275000 0.296785
276000 0.305804
277000 0.289278
278000 0.319357
279000 0.325822
280000 0.275751
281000 0.261271
282000 0.268263
283000 0.291273
284000 0.359345
285000 0.338818
286000 0.350821
287000 0.347351
288000 0.351858
289000 0.359856
290000 0.312801
291000 0.302292
292000 0.316311
293000 0.349862
294000 0.368464
295000 0.363849
296000 0.351837
297000 0.350326
298000 0.348362
299000 0.343319
300000 0.295774
301000 0.349834
302000 0.354385
303000 0.368352
304000 0.324846
305000 0.317335
306000 0.362837
307000 0.355341
308000 0.336823
309000 0.358862
310000 0.371864
311000 0.376345
312000 0.386381
313000 0.350419
314000 0.401374
315000 0.311813
316000 0.3339
317000 0.353331
318000 0.33634
319000 0.381359
320000 0.392859
321000 0.377861
322000 0.318306
323000 0.391373
324000 0.364852
325000 0.376848
326000 0.360845
327000 0.376888
328000 0.371854
329000 0.371362
330000 0.369854
331000 0.371857
332000 0.40539
333000 0.396379
334000 0.405899
335000 0.403877
336000 0.402904
337000 0.40846
338000 0.396461
339000 0.383881
340000 0.398399
341000 0.389872
342000 0.392391
343000 0.420583
344000 0.391374
345000 0.390219
346000 0.378905
347000 0.425921
348000 0.357332
349000 0.389873
350000 0.336323
351000 0.347674
352000 0.414427
353000 0.40943
354000 0.412903
355000 0.344829
356000 0.412395
357000 0.427024
358000 0.413398
359000 0.339828
360000 0.359842
361000 0.398384
362000 0.387408
363000 0.396429
364000 0.398383
365000 0.417457
366000 0.40494
367000 0.382469
368000 0.372365
369000 0.390366
370000 0.341445
371000 0.336848
372000 0.39039
373000 0.422435
374000 0.427449
375000 0.359382
376000 0.353338
377000 0.414935
378000 0.422907
379000 0.370883
380000 0.389374
381000 0.380864
382000 0.379351
383000 0.407463
384000 0.451502
385000 0.441933
386000 0.475571
387000 0.476491
388000 0.431942
389000 0.425436
