10 0
1010 7.512e-006
2010 1.5008e-005
3010 2.25255e-005
4010 3.00265e-005
5010 4.2542e-005
6010 5.00445e-005
7010 6.00535e-005
8010 7.50885e-005
9010 0.000107587
10010 0.000130126
11010 0.000150143
12010 0.000122618
13010 0.000117618
14010 0.000130121
15010 0.000142644
16010 0.000145134
17010 0.000200191
18010 0.000175185
19010 0.000177665
20010 0.000205199
21010 0.000247721
22010 0.000220221
23010 0.000245238
24010 0.000215268
25010 0.000212699
26010 0.00023273
27010 0.000367857
28010 0.000300282
29010 0.000292783
30010 0.000305327
31010 0.000292769
32010 0.000285289
33010 0.000342813
34010 0.000550542
35010 0.000347825
36010 0.000517991
37010 0.00065812
38010 0.000653147
39010 0.000770735
40010 0.000660614
41010 0.000372856
42010 0.000468114
43010 0.000550537
44010 0.000598074
45010 0.000813278
46010 0.000923386
47010 0.00087834
48010 0.00106102
49010 0.00112608
50010 0.00105101
51010 0.0010611
52010 0.00118364
53010 0.0013265
54010 0.00129634
55010 0.00108104
56010 0.00066564
57010 0.00120616
58010 0.000908477
59010 0.00120624
60010 0.00122619
61010 0.00117612
62010 0.00139398
63010 0.00157152
64010 0.00138132
65010 0.00113382
66010 0.0014489
67010 0.00132877
68010 0.00161663
69010 0.00115861
70010 0.00116862
71010 0.00173691
72010 0.0016741
73010 0.00182925
74010 0.00190184
75010 0.00193435
76010 0.00192184
77010 0.00163169
78010 0.00154148
79010 0.00191434
80010 0.0017895
81010 0.00183181
82010 0.00200473
83010 0.00219967
84010 0.00173667
85010 0.00221046
86010 0.00225729
87010 0.00226217
88010 0.00234475
89010 0.00182675
90010 0.0023998
91010 0.00206956
92010 0.00233975
93010 0.00226758
94010 0.00225216
95010 0.002325
96010 0.00221479
97010 0.00226217
98010 0.00207199
99010 0.00203945
100010 0.00224465
101010 0.00216708
102010 0.00255258
103010 0.00276532
104010 0.00278053
105010 0.00266017
106010 0.00275282
107010 0.00277536
108010 0.00281549
109010 0.00278517
110010 0.00298553
111010 0.00266766
112010 0.00263252
113010 0.0027754
114010 0.00285798
115010 0.00294535
116010 0.00298822
117010 0.00317805
118010 0.00320061
119010 0.00318333
120010 0.00308819
121010 0.00291029
122010 0.00255496
123010 0.00276267
124010 0.00278601
125010 0.00297548
126010 0.00310305
127010 0.00324061
128010 0.00331336
129010 0.00321809
130010 0.00305543
131010 0.00290298
132010 0.00320575
133010 0.00340092
134010 0.00339337
135010 0.00317304
136010 0.00373107
137010 0.00389882
138010 0.00364687
139010 0.00393139
140010 0.0037665
141010 0.00382866
142010 0.00399154
143010 0.00380384
144010 0.00356107
145010 0.00309797
146010 0.00348342
147010 0.00339124
148010 0.00407664
149010 0.00410644
150010 0.00388639
151010 0.00402652
152010 0.00375611
153010 0.00380866
154010 0.00352628
155010 0.00403894
156010 0.004287
157010 0.0043418
158010 0.00414422
159010 0.0036987
160010 0.00414678
161010 0.00381173
162010 0.00391376
163010 0.00400937
164010 0.00418895
165010 0.00422168
166010 0.0039592
167010 0.00435668
168010 0.00440432
169010 0.00446699
170010 0.00414147
171010 0.00403139
172010 0.00368621
173010 0.00441916
174010 0.00412936
175010 0.00409142
176010 0.0040844
177010 0.00471975
178010 0.00467257
179010 0.00475749
180010 0.00447198
181010 0.00467448
182010 0.00451434
183010 0.00447721
184010 0.00454956
185010 0.00427408
186010 0.00409393
187010 0.00422903
188010 0.00465202
189010 0.00452713
190010 0.00437674
191010 0.00488226
192010 0.00506244
193010 0.00525516
194010 0.00518257
195010 0.00532011
196010 0.00518507
197010 0.00470481
198010 0.00478459
199010 0.0050752
200010 0.00526017
201010 0.00533512
202010 0.00491488
203010 0.00482462
204010 0.00484989
205010 0.00536085
206010 0.00541528
207010 0.00541335
208010 0.00528268
209010 0.00486979
210010 0.00518274
211010 0.00561777
212010 0.00563808
213010 0.00524555
214010 0.00519015
215010 0.00560037
216010 0.00545055
217010 0.00550316
218010 0.00548326
219010 0.0057209
220010 0.00519279
221010 0.0057584
222010 0.0060611
223010 0.00594613
224010 0.00515495
225010 0.00524418
226010 0.00580067
227010 0.00560559
228010 0.00542533
229010 0.00545828
230010 0.00537767
231010 0.00569053
232010 0.00525749
233010 0.00577322
234010 0.00600576
235010 0.00544309
236010 0.00552029
237010 0.00578109
238010 0.0055403
239010 0.00625357
240010 0.0054078
241010 0.00553289
242010 0.00579547
243010 0.00577335
244010 0.00605581
245010 0.00602591
246010 0.00592927
247010 0.00653377
248010 0.0063593
249010 0.00637111
250010 0.00566067
251010 0.0059559
252010 0.0059584
253010 0.0062988
254010 0.00613885
255010 0.0065794
256010 0.0068099
257010 0.00587069
258010 0.00645073
259010 0.00680943
260010 0.00630141
261010 0.00708195
262010 0.00691285
263010 0.00644673
264010 0.00664888
265010 0.00688016
266010 0.00687072
267010 0.00697445
268010 0.0069044
269010 0.00679679
270010 0.00692914
271010 0.00687679
272010 0.00629919
273010 0.00669435
274010 0.00646369
275010 0.00631137
276010 0.00680942
277010 0.00644618
278010 0.00681943
279010 0.00679405
280010 0.00695417
281010 0.0064217
282010 0.00699437
283010 0.00708679
284010 0.00668399
285010 0.00678152
286010 0.00722486
287010 0.00742707
288010 0.00670005
289010 0.00747008
290010 0.00751246
291010 0.00672651
292010 0.00659905
293010 0.00664663
294010 0.00694951
295010 0.00724456
296010 0.00784274
297010 0.00659894
298010 0.00727447
299010 0.00698941
300010 0.00724195
301010 0.0078075
302010 0.00708699
303010 0.00802794
304010 0.00811326
305010 0.00828859
306010 0.00794065
307010 0.0082455
308010 0.00720725
309010 0.0075676
310010 0.007455
311010 0.00759787
312010 0.00781528
313010 0.0076726
314010 0.00799846
315010 0.00809796
316010 0.00830825
317010 0.00765744
318010 0.0079003
319010 0.00764232
320010 0.00782566
321010 0.00824291
322010 0.00810045
323010 0.00842355
324010 0.00840092
325010 0.00783546
326010 0.00779504
327010 0.00784275
328010 0.0079803
329010 0.00823131
330010 0.00744463
331010 0.00844084
332010 0.00865128
333010 0.00822038
334010 0.00780258
335010 0.00804275
336010 0.00902643
337010 0.00894887
338010 0.00870628
339010 0.00808956
340010 0.00871398
341010 0.00903408
342010 0.00868644
343010 0.00797903
344010 0.00888946
345010 0.00847329
346010 0.00859334
347010 0.00840814
348010 0.00849094
349010 0.0079478
350010 0.00830333
351010 0.00860349
352010 0.00838577
353010 0.00778779
354010 0.00848322
355010 0.00928756
356010 0.00864836
357010 0.00915888
358010 0.00979438
359010 0.00980977
360010 0.00977455
